1 203 22
0 0.294755 0.56332 0.781831 0.930874 0.997204 0.974928 0.866025 0.680173 0.433884 0.149042 -0.149042 -0.433884 -0.680173 -0.866025 -0.974928 -0.997204 -0.930874 -0.781831 -0.56332 -0.294755 -2.44929e-16 
0 0.293976 0.561831 0.779765 0.928414 0.994568 0.972351 0.863737 0.678375 0.432737 0.148648 -0.148648 -0.432737 -0.678375 -0.863737 -0.972351 -0.994568 -0.928414 -0.779765 -0.561831 -0.293976 0 
0 0.291643 0.557373 0.773577 0.921046 0.986676 0.964635 0.856882 0.672992 0.429303 0.147469 -0.147469 -0.429303 -0.672992 -0.856882 -0.964635 -0.986676 -0.921046 -0.773577 -0.557373 -0.291643 0 
0 0.287769 0.549968 0.7633 0.90881 0.973568 0.95182 0.845499 0.664051 0.4236 0.14551 -0.14551 -0.4236 -0.664051 -0.845499 -0.95182 -0.973568 -0.90881 -0.7633 -0.549968 -0.287769 0 
0 0.282373 0.539656 0.748989 0.89177 0.955314 0.933973 0.829646 0.6516 0.415657 0.142781 -0.142781 -0.415657 -0.6516 -0.829646 -0.933973 -0.955314 -0.89177 -0.748989 -0.539656 -0.282373 0 
0 0.275485 0.526492 0.730718 0.870016 0.93201 0.91119 0.809408 0.635705 0.405518 0.139298 -0.139298 -0.405518 -0.635705 -0.809408 -0.91119 -0.93201 -0.870016 -0.730718 -0.526492 -0.275485 0 
0 0.267141 0.510545 0.708585 0.843664 0.90378 0.883591 0.784891 0.61645 0.393235 0.135079 -0.135079 -0.393235 -0.61645 -0.784891 -0.883591 -0.90378 -0.843664 -0.708585 -0.510545 -0.267141 0 
0 0.257384 0.491899 0.682706 0.812852 0.870773 0.851321 0.756226 0.593937 0.378873 0.130146 -0.130146 -0.378873 -0.593937 -0.756226 -0.851321 -0.870773 -0.812852 -0.682706 -0.491899 -0.257384 0 
0 0.246268 0.470653 0.653219 0.777744 0.833163 0.814551 0.723563 0.568283 0.362509 0.124525 -0.124525 -0.362509 -0.568283 -0.723563 -0.814551 -0.833163 -0.777744 -0.653219 -0.470653 -0.246268 0 
0 0.233849 0.44692 0.620279 0.738524 0.791149 0.773476 0.687076 0.539627 0.344229 0.118245 -0.118245 -0.344229 -0.539627 -0.687076 -0.773476 -0.791149 -0.738524 -0.620279 -0.44692 -0.233849 0 
0 0.220194 0.420824 0.584061 0.695401 0.744953 0.728312 0.646957 0.508117 0.324129 0.111341 -0.111341 -0.324129 -0.508117 -0.646957 -0.728312 -0.744953 -0.695401 -0.584061 -0.420824 -0.220194 0 
0 0.205376 0.392503 0.544755 0.648603 0.694819 0.679298 0.603418 0.473922 0.302316 0.103848 -0.103848 -0.302316 -0.473922 -0.603418 -0.679298 -0.694819 -0.648603 -0.544755 -0.392503 -0.205376 0 
0 0.189472 0.362108 0.502569 0.598375 0.641013 0.626694 0.55669 0.437222 0.278905 0.0958059 -0.0958059 -0.278905 -0.437222 -0.55669 -0.626694 -0.641013 -0.598375 -0.502569 -0.362108 -0.189472 0 
0 0.172566 0.329799 0.457728 0.544985 0.583819 0.570777 0.507019 0.398211 0.25402 0.0872576 -0.0872576 -0.25402 -0.398211 -0.507019 -0.570777 -0.583819 -0.544985 -0.457728 -0.329799 -0.172566 0 
0 0.154748 0.295747 0.410466 0.488714 0.523538 0.511843 0.454669 0.357095 0.227792 0.0782481 -0.0782481 -0.227792 -0.357095 -0.454669 -0.511843 -0.523538 -0.488714 -0.410466 -0.295747 -0.154748 0 
0 0.136113 0.260131 0.361035 0.42986 0.46049 0.450204 0.399915 0.314091 0.20036 0.068825 -0.068825 -0.20036 -0.314091 -0.399915 -0.450204 -0.46049 -0.42986 -0.361035 -0.260131 -0.136113 0 
0 0.116757 0.22314 0.309696 0.368734 0.395009 0.386185 0.343047 0.269427 0.171868 0.0590381 -0.0590381 -0.171868 -0.269427 -0.343047 -0.386185 -0.395009 -0.368734 -0.309696 -0.22314 -0.116757 0 
0 0.096785 0.18497 0.25672 0.305659 0.327439 0.320124 0.284366 0.22334 0.142469 0.0489391 -0.0489391 -0.142469 -0.22334 -0.284366 -0.320124 -0.327439 -0.305659 -0.25672 -0.18497 -0.096785 0 
0 0.076301 0.145822 0.202387 0.240968 0.258138 0.252372 0.224181 0.176071 0.112316 0.0385814 -0.0385814 -0.112316 -0.176071 -0.224181 -0.252372 -0.258138 -0.240968 -0.202387 -0.145822 -0.076301 0 
0 0.0554137 0.105904 0.146984 0.175003 0.187473 0.183286 0.162812 0.127872 0.0815698 0.0280198 -0.0280198 -0.0815698 -0.127872 -0.162812 -0.183286 -0.187473 -0.175003 -0.146984 -0.105904 -0.0554137 0 
0 0.0342335 0.0654253 0.0908037 0.108114 0.115818 0.11323 0.100582 0.0789968 0.0503923 0.0173101 -0.0173101 -0.0503923 -0.0789968 -0.100582 -0.11323 -0.115818 -0.108114 -0.0908037 -0.0654253 -0.0342335 0 
0 0.0128724 0.0246011 0.0341438 0.0406527 0.0435494 0.0425766 0.0378207 0.0297042 0.0189484 0.00650891 -0.00650891 -0.0189484 -0.0297042 -0.0378207 -0.0425766 -0.0435494 -0.0406527 -0.0341438 -0.0246011 -0.0128724 0 
0 -0.00855676 -0.0163532 -0.0226966 -0.0270233 -0.0289489 -0.0283022 -0.0251408 -0.0197455 -0.0125957 -0.00432671 0.00432671 0.0125957 0.0197455 0.0251408 0.0283022 0.0289489 0.0270233 0.0226966 0.0163532 0.00855676 0 
0 -0.0299407 -0.057221 -0.079417 -0.0945565 -0.101294 -0.0990314 -0.0879693 -0.0690907 -0.0440731 -0.0151394 0.0151394 0.0440731 0.0690907 0.0879693 0.0990314 0.101294 0.0945565 0.079417 0.057221 0.0299407 0 
0 -0.0511664 -0.0977864 -0.135718 -0.16159 -0.173104 -0.169237 -0.150333 -0.118071 -0.0753176 -0.0258722 0.0258722 0.0753176 0.118071 0.150333 0.169237 0.173104 0.16159 0.135718 0.0977864 0.0511664 0 
0 -0.0721216 -0.137835 -0.191301 -0.227769 -0.243999 -0.238548 -0.211902 -0.166427 -0.106164 -0.0364681 0.0364681 0.106164 0.166427 0.211902 0.238548 0.243999 0.227769 0.191301 0.137835 0.0721216 0 
0 -0.0926956 -0.177155 -0.245873 -0.292744 -0.313604 -0.306599 -0.272351 -0.213903 -0.136449 -0.0468713 0.0468713 0.136449 0.213903 0.272351 0.306599 0.313604 0.292744 0.245873 0.177155 0.0926956 0 
0 -0.11278 -0.215538 -0.299145 -0.356172 -0.381552 -0.373028 -0.33136 -0.260249 -0.166013 -0.0570268 0.0570268 0.166013 0.260249 0.33136 0.373028 0.381552 0.356172 0.299145 0.215538 0.11278 0 
0 -0.132268 -0.252783 -0.350837 -0.417717 -0.447482 -0.437486 -0.388618 -0.305219 -0.1947 -0.0668808 0.0668808 0.1947 0.305219 0.388618 0.437486 0.447482 0.417717 0.350837 0.252783 0.132268 0 
0 -0.151056 -0.288691 -0.400673 -0.477055 -0.511048 -0.499632 -0.443821 -0.348575 -0.222357 -0.0763813 0.0763813 0.222357 0.348575 0.443821 0.499632 0.511048 0.477055 0.400673 0.288691 0.151056 0 
0 -0.169047 -0.323073 -0.448392 -0.53387 -0.571912 -0.559136 -0.496679 -0.39009 -0.248839 -0.085478 0.085478 0.248839 0.39009 0.496679 0.559136 0.571912 0.53387 0.448392 0.323073 0.169047 0 
0 -0.186143 -0.355747 -0.493741 -0.587864 -0.629753 -0.615685 -0.546911 -0.429542 -0.274006 -0.094123 0.094123 0.274006 0.429542 0.546911 0.615685 0.629753 0.587864 0.493741 0.355747 0.186143 0 
0 -0.202256 -0.386541 -0.53648 -0.63875 -0.684265 -0.66898 -0.594253 -0.466723 -0.297724 -0.10227 0.10227 0.297724 0.466723 0.594253 0.66898 0.684265 0.63875 0.53648 0.386541 0.202256 0 
0 -0.2173 -0.415292 -0.576383 -0.686261 -0.73516 -0.718738 -0.638453 -0.501438 -0.319869 -0.109877 0.109877 0.319869 0.501438 0.638453 0.718738 0.73516 0.686261 0.576383 0.415292 0.2173 0 
0 -0.231195 -0.441848 -0.61324 -0.730143 -0.78217 -0.764698 -0.679278 -0.533502 -0.340322 -0.116903 0.116903 0.340322 0.533502 0.679278 0.764698 0.78217 0.730143 0.61324 0.441848 0.231195 0 
0 -0.243868 -0.466068 -0.646855 -0.770166 -0.825045 -0.806615 -0.716514 -0.562747 -0.358977 -0.123311 0.123311 0.358977 0.562747 0.716514 0.806615 0.825045 0.770166 0.646855 0.466068 0.243868 0 
0 -0.255252 -0.487824 -0.677051 -0.806119 -0.863559 -0.844269 -0.749961 -0.589016 -0.375735 -0.129068 0.129068 0.375735 0.589016 0.749961 0.844269 0.863559 0.806119 0.677051 0.487824 0.255252 0 
0 -0.265287 -0.507002 -0.703668 -0.83781 -0.897509 -0.87746 -0.779445 -0.612173 -0.390506 -0.134142 0.134142 0.390506 0.612173 0.779445 0.87746 0.897509 0.83781 0.703668 0.507002 0.265287 0 
0 -0.27392 -0.5235 -0.726566 -0.865073 -0.926714 -0.906013 -0.804808 -0.632093 -0.403214 -0.138507 0.138507 0.403214 0.632093 0.804808 0.906013 0.926714 0.865073 0.726566 0.5235 0.27392 0 
0 -0.281104 -0.537231 -0.745623 -0.887763 -0.951021 -0.929777 -0.825918 -0.648672 -0.41379 -0.14214 0.14214 0.41379 0.648672 0.825918 0.929777 0.951021 0.887763 0.745623 0.537231 0.281104 0 
0 -0.286803 -0.548123 -0.760739 -0.905761 -0.970301 -0.948626 -0.842662 -0.661823 -0.422178 -0.145021 0.145021 0.422178 0.661823 0.842662 0.948626 0.970301 0.905761 0.760739 0.548123 0.286803 0 
0 -0.290986 -0.556117 -0.771834 -0.918971 -0.984452 -0.962461 -0.854951 -0.671475 -0.428336 -0.147136 0.147136 0.428336 0.671475 0.854951 0.962461 0.984452 0.918971 0.771834 0.556117 0.290986 0 
0 -0.293631 -0.561171 -0.778849 -0.927323 -0.9934 -0.971209 -0.862722 -0.677578 -0.432229 -0.148474 0.148474 0.432229 0.677578 0.862722 0.971209 0.9934 0.927323 0.778849 0.561171 0.293631 0 
0 -0.294724 -0.56326 -0.781748 -0.930774 -0.997097 -0.974823 -0.865932 -0.6801 -0.433837 -0.149026 0.149026 0.433837 0.6801 0.865932 0.974823 0.997097 0.930774 0.781748 0.56326 0.294724 0 
0 -0.294258 -0.562371 -0.780514 -0.929305 -0.995523 -0.973285 -0.864566 -0.679026 -0.433152 -0.148791 0.148791 0.433152 0.679026 0.864566 0.973285 0.995523 0.929305 0.780514 0.562371 0.294258 0 
0 -0.292238 -0.558509 -0.775154 -0.922924 -0.988687 -0.966601 -0.858629 -0.674364 -0.430178 -0.147769 0.147769 0.430178 0.674364 0.858629 0.966601 0.988687 0.922924 0.775154 0.558509 0.292238 0 
0 -0.288673 -0.551695 -0.765697 -0.911664 -0.976625 -0.954809 -0.848154 -0.666137 -0.42493 -0.145967 0.145967 0.42493 0.666137 0.848154 0.954809 0.976625 0.911664 0.765697 0.551695 0.288673 0 
0 -0.283581 -0.541965 -0.752193 -0.895586 -0.959401 -0.93797 -0.833196 -0.654388 -0.417436 -0.143392 0.143392 0.417436 0.654388 0.833196 0.93797 0.959401 0.895586 0.752193 0.541965 0.283581 0 
0 -0.276991 -0.529371 -0.734713 -0.874773 -0.937106 -0.916172 -0.813833 -0.639181 -0.407735 -0.14006 0.14006 0.407735 0.639181 0.813833 0.916172 0.937106 0.874773 0.734713 0.529371 0.276991 0 
0 -0.268937 -0.513978 -0.71335 -0.849337 -0.909857 -0.889532 -0.790169 -0.620595 -0.395879 -0.135987 0.135987 0.395879 0.620595 0.790169 0.889532 0.909857 0.849337 0.71335 0.513978 0.268937 0 
0 -0.259461 -0.495868 -0.688215 -0.819411 -0.877799 -0.85819 -0.762328 -0.598729 -0.381931 -0.131196 0.131196 0.381931 0.598729 0.762328 0.85819 0.877799 0.819411 0.688215 0.495868 0.259461 0 
0 -0.248614 -0.475138 -0.659443 -0.785154 -0.841101 -0.822312 -0.730457 -0.573698 -0.365963 -0.125711 0.125711 0.365963 0.573698 0.730457 0.822312 0.841101 0.785154 0.659443 0.475138 0.248614 0 
0 -0.236453 -0.451896 -0.627186 -0.746747 -0.799957 -0.782088 -0.694726 -0.545635 -0.348062 -0.119562 0.119562 0.348062 0.545635 0.694726 0.782088 0.799957 0.746747 0.627186 0.451896 0.236453 0 
0 -0.223042 -0.426265 -0.591613 -0.704393 -0.754585 -0.737729 -0.655322 -0.514687 -0.32832 -0.11278 0.11278 0.32832 0.514687 0.655322 0.737729 0.754585 0.704393 0.591613 0.426265 0.223042 0 
0 -0.208451 -0.398381 -0.552913 -0.658315 -0.705224 -0.689471 -0.612455 -0.481019 -0.306843 -0.105403 0.105403 0.306843 0.481019 0.612455 0.689471 0.705224 0.658315 0.552913 0.398381 0.208451 0 
0 -0.192759 -0.368391 -0.51129 -0.608758 -0.652136 -0.637568 -0.56635 -0.444809 -0.283744 -0.0974683 0.0974683 0.283744 0.444809 0.56635 0.637568 0.652136 0.608758 0.51129 0.368391 0.192759 0 
0 -0.176048 -0.336454 -0.466965 -0.555983 -0.5956 -0.582295 -0.517251 -0.406247 -0.259146 -0.0890185 0.0890185 0.259146 0.406247 0.517251 0.582295 0.5956 0.555983 0.466965 0.336454 0.176048 0 
0 -0.158407 -0.302739 -0.420171 -0.500269 -0.535916 -0.523945 -0.465419 -0.365538 -0.233177 -0.0800982 0.0800982 0.233177 0.365538 0.465419 0.523945 0.535916 0.500269 0.420171 0.302739 0.158407 0 
0 -0.139928 -0.267423 -0.371157 -0.441911 -0.4734 -0.462825 -0.411126 -0.322897 -0.205976 -0.0707544 0.0707544 0.205976 0.322897 0.411126 0.462825 0.4734 0.441911 0.371157 0.267423 0.139928 0 
0 -0.12071 -0.230694 -0.32018 -0.381217 -0.408381 -0.399258 -0.35466 -0.278549 -0.177687 -0.0610367 0.0610367 0.177687 0.278549 0.35466 0.399258 0.408381 0.381217 0.32018 0.230694 0.12071 0 
0 -0.100854 -0.192746 -0.267512 -0.318508 -0.341204 -0.333582 -0.29632 -0.232728 -0.148458 -0.0509963 0.0509963 0.148458 0.232728 0.29632 0.333582 0.341204 0.318508 0.267512 0.192746 0.100854 0 
0 -0.080464 -0.153778 -0.213429 -0.254115 -0.272223 -0.266142 -0.236413 -0.185678 -0.118444 -0.0406864 0.0406864 0.118444 0.185678 0.236413 0.266142 0.272223 0.254115 0.213429 0.153778 0.080464 0 
0 -0.0596492 -0.113998 -0.158218 -0.18838 -0.201803 -0.197295 -0.175256 -0.137646 -0.0878044 -0.0301615 0.0301615 0.0878044 0.137646 0.175256 0.197295 0.201803 0.18838 0.158218 0.113998 0.0596492 0 
0 -0.038519 -0.0736155 -0.102171 -0.121648 -0.130316 -0.127405 -0.113173 -0.088886 -0.0567006 -0.0194771 0.0194771 0.0567006 0.088886 0.113173 0.127405 0.130316 0.121648 0.102171 0.0736155 0.038519 0 
0 -0.0171853 -0.0328436 -0.0455836 -0.0542733 -0.0581406 -0.0568419 -0.0504924 -0.0396566 -0.025297 -0.00868971 0.00868971 0.025297 0.0396566 0.0504924 0.0568419 0.0581406 0.0542733 0.0455836 0.0328436 0.0171853 0 
0 0.00423927 0.00810186 0.0112446 0.0133881 0.0143421 0.0140217 0.0124555 0.00978247 0.00624026 0.00214358 -0.00214358 -0.00624026 -0.00978247 -0.0124555 -0.0140217 -0.0143421 -0.0133881 -0.0112446 -0.00810186 -0.00423927 0 
0 0.0256414 0.0490045 0.0680133 0.0809789 0.0867491 0.0848112 0.0753375 0.0591698 0.0377445 0.0129655 -0.0129655 -0.0377445 -0.0591698 -0.0753375 -0.0848112 -0.0867491 -0.0809789 -0.0680133 -0.0490045 -0.0256414 0 
0 0.0469081 0.0896481 0.124423 0.148142 0.158697 0.155152 0.137821 0.108244 0.0690493 0.023719 -0.023719 -0.0690493 -0.108244 -0.137821 -0.155152 -0.158697 -0.148142 -0.124423 -0.0896481 -0.0469081 0 
0 0.0679267 0.129818 0.180174 0.214521 0.229807 0.224673 0.199577 0.156747 0.0999891 0.034347 -0.034347 -0.0999891 -0.156747 -0.199577 -0.224673 -0.229807 -0.214521 -0.180174 -0.129818 -0.0679267 0 
0 0.0885864 0.169301 0.234973 0.279767 0.299702 0.293007 0.260277 0.204421 0.1304 0.0447935 -0.0447935 -0.1304 -0.204421 -0.260277 -0.293007 -0.299702 -0.279767 -0.234973 -0.169301 -0.0885864 0 
0 0.108778 0.20789 0.288531 0.343534 0.368013 0.359792 0.319602 0.251014 0.160122 0.0550032 -0.0550032 -0.160122 -0.251014 -0.319602 -0.359792 -0.368013 -0.343534 -0.288531 -0.20789 -0.108778 0 
0 0.128394 0.24538 0.340563 0.405485 0.434378 0.424675 0.377237 0.29628 0.188998 0.0649222 -0.0649222 -0.188998 -0.29628 -0.377237 -0.424675 -0.434378 -0.405485 -0.340563 -0.24538 -0.128394 0 
0 0.147332 0.281573 0.390795 0.465293 0.498447 0.487313 0.432878 0.339981 0.216875 0.074498 -0.074498 -0.216875 -0.339981 -0.432878 -0.487313 -0.498447 -0.465293 -0.390795 -0.281573 -0.147332 0 
0 0.165491 0.316277 0.438961 0.522641 0.559882 0.547375 0.486232 0.381884 0.243605 0.0836801 -0.0836801 -0.243605 -0.381884 -0.486232 -0.547375 -0.559882 -0.522641 -0.438961 -0.316277 -0.165491 0 
0 0.182775 0.34931 0.484807 0.577227 0.618357 0.604544 0.537015 0.421769 0.269047 0.0924198 -0.0924198 -0.269047 -0.421769 -0.537015 -0.604544 -0.618357 -0.577227 -0.484807 -0.34931 -0.182775 0 
0 0.199093 0.380496 0.52809 0.628761 0.673564 0.658518 0.584959 0.459425 0.293068 0.100671 -0.100671 -0.293068 -0.459425 -0.584959 -0.658518 -0.673564 -0.628761 -0.52809 -0.380496 -0.199093 0 
0 0.214359 0.409671 0.568582 0.676972 0.72521 0.70901 0.629812 0.494652 0.315539 0.10839 -0.10839 -0.315539 -0.494652 -0.629812 -0.70901 -0.72521 -0.676972 -0.568582 -0.409671 -0.214359 0 
0 0.228492 0.436681 0.606069 0.721605 0.773024 0.755755 0.671335 0.527264 0.336343 0.115536 -0.115536 -0.336343 -0.527264 -0.671335 -0.755755 -0.773024 -0.721605 -0.606069 -0.436681 -0.228492 0 
0 0.241417 0.461382 0.640352 0.762424 0.816751 0.798506 0.70931 0.557089 0.355368 0.122072 -0.122072 -0.355368 -0.557089 -0.70931 -0.798506 -0.816751 -0.762424 -0.640352 -0.461382 -0.241417 0 
0 0.253065 0.483645 0.67125 0.799212 0.85616 0.837035 0.743536 0.58397 0.372516 0.127962 -0.127962 -0.372516 -0.58397 -0.743536 -0.837035 -0.85616 -0.799212 -0.67125 -0.483645 -0.253065 0 
0 0.263377 0.503351 0.6986 0.831776 0.891045 0.87114 0.773831 0.607764 0.387694 0.133176 -0.133176 -0.387694 -0.607764 -0.773831 -0.87114 -0.891045 -0.831776 -0.6986 -0.503351 -0.263377 0 
0 0.272296 0.520396 0.722258 0.859943 0.921219 0.900641 0.800036 0.628345 0.400823 0.137686 -0.137686 -0.400823 -0.628345 -0.800036 -0.900641 -0.921219 -0.859943 -0.722258 -0.520396 -0.272296 0 
0 0.279775 0.534691 0.742098 0.883565 0.946524 0.925381 0.822013 0.645605 0.411833 0.141468 -0.141468 -0.411833 -0.645605 -0.822013 -0.925381 -0.946524 -0.883565 -0.742098 -0.534691 -0.279775 0 
0 0.285776 0.54616 0.758015 0.902517 0.966826 0.945229 0.839644 0.659453 0.420667 0.144502 -0.144502 -0.420667 -0.659453 -0.839644 -0.945229 -0.966826 -0.902517 -0.758015 -0.54616 -0.285776 0 
0 0.290266 0.554742 0.769925 0.916698 0.982018 0.960081 0.852837 0.669815 0.427276 0.146773 -0.146773 -0.427276 -0.669815 -0.852837 -0.960081 -0.982018 -0.916698 -0.769925 -0.554742 -0.290266 0 
0 0.293223 0.560391 0.777766 0.926033 0.992019 0.969859 0.861522 0.676636 0.431628 0.148267 -0.148267 -0.431628 -0.676636 -0.861522 -0.969859 -0.992019 -0.926033 -0.777766 -0.560391 -0.293223 0 
0 0.294629 0.563078 0.781496 0.930474 0.996776 0.974509 0.865654 0.679881 0.433697 0.148978 -0.148978 -0.433697 -0.679881 -0.865654 -0.974509 -0.996776 -0.930474 -0.781496 -0.563078 -0.294629 0 
0 0.294477 0.562789 0.781095 0.929997 0.996264 0.974009 0.865209 0.679532 0.433475 0.148902 -0.148902 -0.433475 -0.679532 -0.865209 -0.974009 -0.996264 -0.929997 -0.781095 -0.562789 -0.294477 0 
0 0.29277 0.559525 0.776565 0.924603 0.990486 0.968361 0.860192 0.675591 0.430961 0.148038 -0.148038 -0.430961 -0.675591 -0.860192 -0.968361 -0.990486 -0.924603 -0.776565 -0.559525 -0.29277 0 
0 0.289514 0.553304 0.76793 0.914322 0.979473 0.957593 0.850627 0.668079 0.426169 0.146392 -0.146392 -0.426169 -0.668079 -0.850627 -0.957593 -0.979473 -0.914322 -0.76793 -0.553304 -0.289514 0 
0 0.284729 0.544158 0.755236 0.899209 0.963283 0.941764 0.836566 0.657036 0.419125 0.143972 -0.143972 -0.419125 -0.657036 -0.836566 -0.941764 -0.963283 -0.899209 -0.755236 -0.544158 -0.284729 0 
0 0.278438 0.532136 0.738551 0.879342 0.942 0.920958 0.818084 0.64252 0.409865 0.140792 -0.140792 -0.409865 -0.64252 -0.818084 -0.920958 -0.942 -0.879342 -0.738551 -0.532136 -0.278438 0 
0 0.270676 0.517301 0.717961 0.854828 0.915739 0.895283 0.795277 0.624607 0.398438 0.136867 -0.136867 -0.398438 -0.624607 -0.795277 -0.895283 -0.915739 -0.854828 -0.717961 -0.517301 -0.270676 0 
0 0.261482 0.499731 0.693576 0.825794 0.884637 0.864876 0.768266 0.603393 0.384906 0.132218 -0.132218 -0.384906 -0.603393 -0.768266 -0.864876 -0.884637 -0.825794 -0.693576 -0.499731 -0.261482 0 
0 0.250907 0.47952 0.665526 0.792396 0.848859 0.829897 0.737195 0.57899 0.369339 0.126871 -0.126871 -0.369339 -0.57899 -0.737195 -0.829897 -0.848859 -0.792396 -0.665526 -0.47952 -0.250907 0 
0 0.239006 0.456775 0.633957 0.75481 0.808594 0.790532 0.702227 0.551526 0.35182 0.120853 -0.120853 -0.35182 -0.551526 -0.702227 -0.790532 -0.808594 -0.75481 -0.633957 -0.456775 -0.239006 0 
0 0.225841 0.431615 0.599038 0.713233 0.764055 0.746988 0.663547 0.521147 0.332441 0.114196 -0.114196 -0.332441 -0.521147 -0.663547 -0.746988 -0.764055 -0.713233 -0.599038 -0.431615 -0.225841 0 
0 0.211482 0.404173 0.560952 0.667887 0.715478 0.699495 0.621359 0.488013 0.311305 0.106935 -0.106935 -0.311305 -0.488013 -0.621359 -0.699495 -0.715478 -0.667887 -0.560952 -0.404173 -0.211482 0 
0 0.196006 0.374595 0.519901 0.61901 0.663118 0.648305 0.575888 0.4523 0.288523 0.0991098 -0.0991098 -0.288523 -0.4523 -0.575888 -0.648305 -0.663118 -0.61901 -0.519901 -0.374595 -0.196006 0 
0 0.179493 0.343037 0.476101 0.566862 0.607254 0.593689 0.527372 0.414196 0.264216 0.0907603 -0.0907603 -0.264216 -0.414196 -0.527372 -0.593689 -0.607254 -0.566862 -0.476101 -0.343037 -0.179493 0 
0 0.162032 0.309666 0.429786 0.511717 0.54818 0.535934 0.476069 0.373902 0.238513 0.081931 -0.081931 -0.238513 -0.373902 -0.476069 -0.535934 -0.54818 -0.511717 -0.429786 -0.309666 -0.162032 0 
0 0.143714 0.274658 0.381198 0.453867 0.486208 0.475347 0.422249 0.331632 0.211549 0.0726687 -0.0726687 -0.211549 -0.331632 -0.422249 -0.475347 -0.486208 -0.453867 -0.381198 -0.274658 -0.143714 0 
0 0.124637 0.238199 0.330596 0.393618 0.421666 0.412246 0.366197 0.28761 0.183467 0.0630222 -0.0630222 -0.183467 -0.28761 -0.366197 -0.412246 -0.421666 -0.393618 -0.330596 -0.238199 -0.124637 0 
0 0.1049 0.20048 0.278246 0.331289 0.354895 0.346967 0.30821 0.242067 0.154415 0.0530427 -0.0530427 -0.154415 -0.242067 -0.30821 -0.346967 -0.354895 -0.331289 -0.278246 -0.20048 -0.1049 0 
0 0.0846097 0.161702 0.224425 0.267208 0.286248 0.279854 0.248593 0.195244 0.124547 0.0427827 -0.0427827 -0.124547 -0.195244 -0.248593 -0.279854 -0.286248 -0.267208 -0.224425 -0.161702 -0.0846097 0 
0 0.0638718 0.122068 0.169419 0.201715 0.216089 0.211261 0.187663 0.14739 0.0940202 0.0322966 -0.0322966 -0.0940202 -0.14739 -0.187663 -0.211261 -0.216089 -0.201715 -0.169419 -0.122068 -0.0638718 0 
0 0.0427963 0.0817899 0.113516 0.135156 0.144787 0.141552 0.12574 0.098756 0.0629967 0.0216398 -0.0216398 -0.0629967 -0.098756 -0.12574 -0.141552 -0.144787 -0.135156 -0.113516 -0.0817899 -0.0427963 0 
0 0.0214945 0.0410791 0.0570137 0.0678823 0.0727193 0.0710949 0.0631534 0.0496004 0.0316402 0.0108686 -0.0108686 -0.0316402 -0.0496004 -0.0631534 -0.0710949 -0.0727193 -0.0678823 -0.0570137 -0.0410791 -0.0214945 0 
0 7.91317e-05 0.000151232 0.000209895 0.000249908 0.000267715 0.000261735 0.000232498 0.000182603 0.000116483 4.00128e-05 -4.00128e-05 -0.000116483 -0.000182603 -0.000232498 -0.000261735 -0.000267715 -0.000249908 -0.000209895 -0.000151232 -7.91317e-05 0 
0 -0.0213367 -0.0407775 -0.056595 -0.0673838 -0.0721853 -0.0705728 -0.0626896 -0.0492362 -0.0314079 -0.0107888 0.0107888 0.0314079 0.0492362 0.0626896 0.0705728 0.0721853 0.0673838 0.056595 0.0407775 0.0213367 0 
0 -0.0426397 -0.0814906 -0.113101 -0.134661 -0.144257 -0.141034 -0.12528 -0.0983947 -0.0627662 -0.0215606 0.0215606 0.0627662 0.0983947 0.12528 0.141034 0.144257 0.134661 0.113101 0.0814906 0.0426397 0 
0 -0.0637173 -0.121773 -0.169009 -0.201227 -0.215566 -0.21075 -0.187209 -0.147033 -0.0937927 -0.0322185 0.0322185 0.0937927 0.147033 0.187209 0.21075 0.215566 0.201227 0.169009 0.121773 0.0637173 0 
0 -0.0844581 -0.161412 -0.224023 -0.266729 -0.285735 -0.279352 -0.248148 -0.194894 -0.124324 -0.0427061 0.0427061 0.124324 0.194894 0.248148 0.279352 0.285735 0.266729 0.224023 0.161412 0.0844581 0 
0 -0.104753 -0.200197 -0.277854 -0.330822 -0.354394 -0.346478 -0.307775 -0.241725 -0.154197 -0.0529679 0.0529679 0.154197 0.241725 0.307775 0.346478 0.354394 0.330822 0.277854 0.200197 0.104753 0 
0 -0.124493 -0.237925 -0.330215 -0.393165 -0.42118 -0.411772 -0.365776 -0.287279 -0.183256 -0.0629497 0.0629497 0.183256 0.287279 0.365776 0.411772 0.42118 0.393165 0.330215 0.237925 0.124493 0 
0 -0.143576 -0.274394 -0.380832 -0.453431 -0.48574 -0.474889 -0.421843 -0.331314 -0.211346 -0.0725988 0.0725988 0.211346 0.331314 0.421843 0.474889 0.48574 0.453431 0.380832 0.274394 0.143576 0 
0 -0.1619 -0.309414 -0.429435 -0.511299 -0.547732 -0.535497 -0.47568 -0.373597 -0.238318 -0.0818642 0.0818642 0.238318 0.373597 0.47568 0.535497 0.547732 0.511299 0.429435 0.309414 0.1619 0 
0 -0.179368 -0.342798 -0.475768 -0.566465 -0.606829 -0.593274 -0.527003 -0.413906 -0.264032 -0.0906968 0.0906968 0.264032 0.413906 0.527003 0.593274 0.606829 0.566465 0.475768 0.342798 0.179368 0 
0 -0.195887 -0.374369 -0.519587 -0.618637 -0.662718 -0.647914 -0.57554 -0.452027 -0.288349 -0.09905 0.09905 0.288349 0.452027 0.57554 0.647914 0.662718 0.618637 0.519587 0.374369 0.195887 0 
0 -0.211372 -0.403962 -0.560659 -0.667539 -0.715105 -0.699131 -0.621035 -0.487759 -0.311142 -0.10688 0.10688 0.311142 0.487759 0.621035 0.699131 0.715105 0.667539 0.560659 0.403962 0.211372 0 
0 -0.225739 -0.43142 -0.598768 -0.712912 -0.763711 -0.746651 -0.663248 -0.520912 -0.332291 -0.114144 0.114144 0.332291 0.520912 0.663248 0.746651 0.763711 0.712912 0.598768 0.43142 0.225739 0 
0 -0.238913 -0.456598 -0.633711 -0.754517 -0.808281 -0.790225 -0.701955 -0.551312 -0.351683 -0.120806 0.120806 0.351683 0.551312 0.701955 0.790225 0.808281 0.754517 0.633711 0.456598 0.238913 0 
0 -0.250824 -0.479361 -0.665305 -0.792134 -0.848578 -0.829622 -0.736951 -0.578798 -0.369217 -0.126829 0.126829 0.369217 0.578798 0.736951 0.829622 0.848578 0.792134 0.665305 0.479361 0.250824 0 
0 -0.261409 -0.499591 -0.693383 -0.825564 -0.88439 -0.864634 -0.768052 -0.603225 -0.384798 -0.132181 0.132181 0.384798 0.603225 0.768052 0.864634 0.88439 0.825564 0.693383 0.499591 0.261409 0 
0 -0.270613 -0.517181 -0.717795 -0.85463 -0.915527 -0.895075 -0.795093 -0.624462 -0.398346 -0.136835 0.136835 0.398346 0.624462 0.795093 0.895075 0.915527 0.85463 0.717795 0.517181 0.270613 0 
0 -0.278386 -0.532036 -0.738413 -0.879178 -0.941825 -0.920786 -0.817931 -0.6424 -0.409788 -0.140765 0.140765 0.409788 0.6424 0.817931 0.920786 0.941825 0.879178 0.738413 0.532036 0.278386 0 
0 -0.284688 -0.54408 -0.755128 -0.899079 -0.963144 -0.941629 -0.836446 -0.656941 -0.419064 -0.143952 0.143952 0.419064 0.656941 0.836446 0.941629 0.963144 0.899079 0.755128 0.54408 0.284688 0 
0 -0.289485 -0.553247 -0.767851 -0.914229 -0.979372 -0.957495 -0.85054 -0.66801 -0.426125 -0.146377 0.146377 0.426125 0.66801 0.85054 0.957495 0.979372 0.914229 0.767851 0.553247 0.289485 0 
0 -0.292751 -0.55949 -0.776516 -0.924545 -0.990424 -0.9683 -0.860138 -0.675548 -0.430934 -0.148029 0.148029 0.430934 0.675548 0.860138 0.9683 0.990424 0.924545 0.776516 0.55949 0.292751 0 
0 -0.29447 -0.562776 -0.781076 -0.929975 -0.996241 -0.973986 -0.865189 -0.679516 -0.433465 -0.148898 0.148898 0.433465 0.679516 0.865189 0.973986 0.996241 0.929975 0.781076 0.562776 0.29447 0 
0 -0.294633 -0.563087 -0.781508 -0.930489 -0.996791 -0.974525 -0.865667 -0.679891 -0.433704 -0.148981 0.148981 0.433704 0.679891 0.865667 0.974525 0.996791 0.930489 0.781508 0.563087 0.294633 0 
0 -0.293239 -0.560422 -0.777809 -0.926084 -0.992073 -0.969912 -0.86157 -0.676673 -0.431651 -0.148275 0.148275 0.431651 0.676673 0.86157 0.969912 0.992073 0.926084 0.777809 0.560422 0.293239 0 
0 -0.290294 -0.554794 -0.769998 -0.916785 -0.982111 -0.960172 -0.852918 -0.669878 -0.427317 -0.146786 0.146786 0.427317 0.669878 0.852918 0.960172 0.982111 0.916785 0.769998 0.554794 0.290294 0 
0 -0.285815 -0.546234 -0.758118 -0.902639 -0.966957 -0.945357 -0.839758 -0.659542 -0.420724 -0.144522 0.144522 0.420724 0.659542 0.839758 0.945357 0.966957 0.902639 0.758118 0.546234 0.285815 0 
0 -0.279825 -0.534786 -0.74223 -0.883723 -0.946693 -0.925545 -0.822159 -0.64572 -0.411906 -0.141493 0.141493 0.411906 0.64572 0.822159 0.925545 0.946693 0.883723 0.74223 0.534786 0.279825 0 
0 -0.272356 -0.520512 -0.722418 -0.860135 -0.921424 -0.900841 -0.800214 -0.628485 -0.400912 -0.137716 0.137716 0.400912 0.628485 0.800214 0.900841 0.921424 0.860135 0.722418 0.520512 0.272356 0 
0 -0.263448 -0.503487 -0.698789 -0.832 -0.891285 -0.871375 -0.77404 -0.607928 -0.387798 -0.133212 0.133212 0.387798 0.607928 0.77404 0.871375 0.891285 0.832 0.698789 0.503487 0.263448 0 
0 -0.253146 -0.4838 -0.671465 -0.799468 -0.856435 -0.837304 -0.743774 -0.584157 -0.372635 -0.128003 0.128003 0.372635 0.584157 0.743774 0.837304 0.856435 0.799468 0.671465 0.4838 0.253146 0 
0 -0.241507 -0.461556 -0.640593 -0.76271 -0.817058 -0.798806 -0.709577 -0.557299 -0.355502 -0.122118 0.122118 0.355502 0.557299 0.709577 0.798806 0.817058 0.76271 0.640593 0.461556 0.241507 0 
0 -0.228592 -0.436872 -0.606334 -0.721921 -0.773362 -0.756086 -0.671629 -0.527495 -0.33649 -0.115587 0.115587 0.33649 0.527495 0.671629 0.756086 0.773362 0.721921 0.606334 0.436872 0.228592 0 
0 -0.214468 -0.409879 -0.56887 -0.677315 -0.725578 -0.70937 -0.630131 -0.494902 -0.315699 -0.108445 0.108445 0.315699 0.494902 0.630131 0.70937 0.725578 0.677315 0.56887 0.409879 0.214468 0 
0 -0.19921 -0.380719 -0.5284 -0.62913 -0.673959 -0.658904 -0.585302 -0.459694 -0.29324 -0.10073 0.10073 0.29324 0.459694 0.585302 0.658904 0.673959 0.62913 0.5284 0.380719 0.19921 0 
0 -0.182899 -0.349547 -0.485136 -0.577619 -0.618777 -0.604955 -0.537379 -0.422056 -0.26923 -0.0924826 0.0924826 0.26923 0.422056 0.537379 0.604955 0.618777 0.577619 0.485136 0.349547 0.182899 0 
0 -0.165622 -0.316527 -0.439308 -0.523054 -0.560325 -0.547808 -0.486616 -0.382186 -0.243798 -0.0837463 0.0837463 0.243798 0.382186 0.486616 0.547808 0.560325 0.523054 0.439308 0.316527 0.165622 0 
0 -0.147469 -0.281835 -0.391158 -0.465725 -0.498911 -0.487766 -0.433281 -0.340297 -0.217076 -0.0745673 0.0745673 0.217076 0.340297 0.433281 0.487766 0.498911 0.465725 0.391158 0.281835 0.147469 0 
0 -0.128537 -0.245652 -0.34094 -0.405935 -0.43486 -0.425146 -0.377656 -0.296609 -0.189208 -0.0649942 0.0649942 0.189208 0.296609 0.377656 0.425146 0.43486 0.405935 0.34094 0.245652 0.128537 0 
0 -0.108925 -0.208171 -0.288921 -0.343998 -0.36851 -0.360278 -0.320034 -0.251353 -0.160339 -0.0550776 0.0550776 0.160339 0.251353 0.320034 0.360278 0.36851 0.343998 0.288921 0.208171 0.108925 0 
0 -0.0887373 -0.16959 -0.235374 -0.280244 -0.300212 -0.293506 -0.260721 -0.204769 -0.130623 -0.0448698 0.0448698 0.130623 0.204769 0.260721 0.293506 0.300212 0.280244 0.235374 0.16959 0.0887373 0 
0 -0.0680807 -0.130112 -0.180583 -0.215007 -0.230328 -0.225183 -0.200029 -0.157102 -0.100216 -0.0344249 0.0344249 0.100216 0.157102 0.200029 0.225183 0.230328 0.215007 0.180583 0.130112 0.0680807 0 
0 -0.0470643 -0.0899467 -0.124837 -0.148635 -0.159226 -0.155669 -0.13828 -0.108605 -0.0692793 -0.023798 0.023798 0.0692793 0.108605 0.13828 0.155669 0.159226 0.148635 0.124837 0.0899467 0.0470643 0 
0 -0.0257991 -0.0493058 -0.0684315 -0.0814768 -0.0872824 -0.0853327 -0.0758008 -0.0595336 -0.0379766 -0.0130453 0.0130453 0.0379766 0.0595336 0.0758008 0.0853327 0.0872824 0.0814768 0.0684315 0.0493058 0.0257991 0 
0 -0.00439751 -0.00840429 -0.0116643 -0.0138879 -0.0148775 -0.0145452 -0.0129204 -0.0101476 -0.0064732 -0.00222359 0.00222359 0.0064732 0.0101476 0.0129204 0.0145452 0.0148775 0.0138879 0.0116643 0.00840429 0.00439751 0 
0 0.0170273 0.0325417 0.0451645 0.0537744 0.0576061 0.0563193 0.0500282 0.039292 0.0250644 0.00860982 -0.00860982 -0.0250644 -0.039292 -0.0500282 -0.0563193 -0.0576061 -0.0537744 -0.0451645 -0.0325417 -0.0170273 0 
0 0.0383621 0.0733156 0.101755 0.121152 0.129785 0.126886 0.112712 0.0885239 0.0564696 0.0193977 -0.0193977 -0.0564696 -0.0885239 -0.112712 -0.126886 -0.129785 -0.121152 -0.101755 -0.0733156 -0.0383621 0 
0 0.0594942 0.113702 0.157807 0.18789 0.201278 0.196782 0.174801 0.137288 0.0875762 0.0300831 -0.0300831 -0.0875762 -0.137288 -0.174801 -0.196782 -0.201278 -0.18789 -0.157807 -0.113702 -0.0594942 0 
0 0.0803117 0.153487 0.213025 0.253635 0.271707 0.265638 0.235965 0.185326 0.11822 0.0406094 -0.0406094 -0.11822 -0.185326 -0.235965 -0.265638 -0.271707 -0.253635 -0.213025 -0.153487 -0.0803117 0 
0 0.100705 0.192462 0.267117 0.318038 0.3407 0.33309 0.295883 0.232385 0.148239 0.0509211 -0.0509211 -0.148239 -0.232385 -0.295883 -0.33309 -0.3407 -0.318038 -0.267117 -0.192462 -0.100705 0 
0 0.120566 0.230418 0.319797 0.380761 0.407892 0.398781 0.354236 0.278215 0.177474 0.0609637 -0.0609637 -0.177474 -0.278215 -0.354236 -0.398781 -0.407892 -0.380761 -0.319797 -0.230418 -0.120566 0 
0 0.139789 0.267157 0.370787 0.441471 0.472929 0.462364 0.410717 0.322575 0.205771 0.070684 -0.070684 -0.205771 -0.322575 -0.410717 -0.462364 -0.472929 -0.441471 -0.370787 -0.267157 -0.139789 0 
0 0.158274 0.302484 0.419817 0.499848 0.535465 0.523503 0.465026 0.36523 0.232981 0.0800307 -0.0800307 -0.232981 -0.36523 -0.465026 -0.523503 -0.535465 -0.499848 -0.419817 -0.302484 -0.158274 0 
0 0.175922 0.336212 0.466628 0.555582 0.595171 0.581876 0.516878 0.405954 0.258959 0.0889543 -0.0889543 -0.258959 -0.405954 -0.516878 -0.581876 -0.595171 -0.555582 -0.466628 -0.336212 -0.175922 0 
0 0.19264 0.368162 0.510972 0.60838 0.651731 0.637172 0.565998 0.444532 0.283568 0.0974078 -0.0974078 -0.283568 -0.444532 -0.565998 -0.637172 -0.651731 -0.60838 -0.510972 -0.368162 -0.19264 0 
0 0.208339 0.398167 0.552616 0.657962 0.704846 0.6891 0.612126 0.480761 0.306679 0.105346 -0.105346 -0.306679 -0.480761 -0.612126 -0.6891 -0.704846 -0.657962 -0.552616 -0.398167 -0.208339 0 
0 0.222938 0.426067 0.591338 0.704066 0.754235 0.737387 0.655018 0.514449 0.328168 0.112728 -0.112728 -0.328168 -0.514449 -0.655018 -0.737387 -0.754235 -0.704066 -0.591338 -0.426067 -0.222938 0 
0 0.236358 0.451715 0.626935 0.746449 0.799637 0.781775 0.694448 0.545417 0.347923 0.119514 -0.119514 -0.347923 -0.545417 -0.694448 -0.781775 -0.799637 -0.746449 -0.626935 -0.451715 -0.236358 0 
0 0.248529 0.474975 0.659218 0.784886 0.840813 0.822031 0.730208 0.573502 0.365838 0.125668 -0.125668 -0.365838 -0.573502 -0.730208 -0.822031 -0.840813 -0.784886 -0.659218 -0.474975 -0.248529 0 
0 0.259386 0.495725 0.688016 0.819174 0.877545 0.857942 0.762107 0.598556 0.38182 0.131158 -0.131158 -0.38182 -0.598556 -0.762107 -0.857942 -0.877545 -0.819174 -0.688016 -0.495725 -0.259386 0 
0 0.268872 0.513854 0.713178 0.849132 0.909638 0.889318 0.789978 0.620446 0.395784 0.135955 -0.135955 -0.395784 -0.620446 -0.789978 -0.889318 -0.909638 -0.849132 -0.713178 -0.513854 -0.268872 0 
0 0.276937 0.529267 0.73457 0.874602 0.936923 0.915993 0.813674 0.639056 0.407655 0.140033 -0.140033 -0.407655 -0.639056 -0.813674 -0.915993 -0.936923 -0.874602 -0.73457 -0.529267 -0.276937 0 
0 0.283538 0.541883 0.752079 0.895449 0.959255 0.937827 0.833069 0.654289 0.417372 0.14337 -0.14337 -0.417372 -0.654289 -0.833069 -0.937827 -0.959255 -0.895449 -0.752079 -0.541883 -0.283538 0 
0 0.288641 0.551634 0.765612 0.911563 0.976517 0.954703 0.84806 0.666063 0.424883 0.14595 -0.14595 -0.424883 -0.666063 -0.84806 -0.954703 -0.976517 -0.911563 -0.765612 -0.551634 -0.288641 0 
0 0.292217 0.558469 0.775099 0.922858 0.988617 0.966533 0.858568 0.674316 0.430148 0.147759 -0.147759 -0.430148 -0.674316 -0.858568 -0.966533 -0.988617 -0.922858 -0.775099 -0.558469 -0.292217 0 
0 0.294249 0.562353 0.780489 0.929276 0.995492 0.973254 0.864539 0.679005 0.433139 0.148786 -0.148786 -0.433139 -0.679005 -0.864539 -0.973254 -0.995492 -0.929276 -0.780489 -0.562353 -0.294249 0 
0 0.294726 0.563264 0.781754 0.930781 0.997104 0.974831 0.865939 0.680105 0.433841 0.149027 -0.149027 -0.433841 -0.680105 -0.865939 -0.974831 -0.997104 -0.930781 -0.781754 -0.563264 -0.294726 0 
0 0.293645 0.561198 0.778886 0.927366 0.993447 0.971255 0.862762 0.67761 0.432249 0.148481 -0.148481 -0.432249 -0.67761 -0.862762 -0.971255 -0.993447 -0.927366 -0.778886 -0.561198 -0.293645 0 
0 0.291011 0.556165 0.771901 0.91905 0.984538 0.962545 0.855025 0.671533 0.428373 0.147149 -0.147149 -0.428373 -0.671533 -0.855025 -0.962545 -0.984538 -0.91905 -0.771901 -0.556165 -0.291011 0 
0 0.28684 0.548192 0.760836 0.905876 0.970425 0.948747 0.842769 0.661907 0.422232 0.14504 -0.14504 -0.422232 -0.661907 -0.842769 -0.948747 -0.970425 -0.905876 -0.760836 -0.548192 -0.28684 0 
0 0.281152 0.537322 0.745749 0.887913 0.951182 0.929934 0.826058 0.648782 0.41386 0.142164 -0.142164 -0.41386 -0.648782 -0.826058 -0.929934 -0.951182 -0.887913 -0.745749 -0.537322 -0.281152 0 
0 0.273978 0.523612 0.726721 0.865257 0.926912 0.906206 0.80498 0.632228 0.4033 0.138536 -0.138536 -0.4033 -0.632228 -0.80498 -0.906206 -0.926912 -0.865257 -0.726721 -0.523612 -0.273978 0 
0 0.265356 0.507134 0.703851 0.838028 0.897742 0.877688 0.779647 0.612332 0.390608 0.134177 -0.134177 -0.390608 -0.612332 -0.779647 -0.877688 -0.897742 -0.838028 -0.703851 -0.507134 -0.265356 0 
0 0.255331 0.487975 0.677261 0.806368 0.863827 0.84453 0.750194 0.589199 0.375851 0.129108 -0.129108 -0.375851 -0.589199 -0.750194 -0.84453 -0.863827 -0.806368 -0.677261 -0.487975 -0.255331 0 
0 0.243957 0.466238 0.647091 0.770447 0.825346 0.806909 0.716775 0.562952 0.359108 0.123356 -0.123356 -0.359108 -0.562952 -0.716775 -0.806909 -0.825346 -0.770447 -0.647091 -0.466238 -0.243957 0 
0 0.231293 0.442035 0.6135 0.730453 0.782502 0.765022 0.679567 0.533729 0.340467 0.116953 -0.116953 -0.340467 -0.533729 -0.679567 -0.765022 -0.782502 -0.730453 -0.6135 -0.442035 -0.231293 0 
0 0.217407 0.415496 0.576667 0.686598 0.735522 0.719092 0.638767 0.501685 0.320026 0.109931 -0.109931 -0.320026 -0.501685 -0.638767 -0.719092 -0.735522 -0.686598 -0.576667 -0.415496 -0.217407 0 
0 0.202371 0.386761 0.536785 0.639114 0.684654 0.66936 0.594591 0.466989 0.297893 0.102329 -0.102329 -0.297893 -0.466989 -0.594591 -0.66936 -0.684654 -0.639114 -0.536785 -0.386761 -0.202371 0 
0 0.186266 0.355982 0.494067 0.588252 0.630168 0.616091 0.547272 0.429825 0.274186 0.094185 -0.094185 -0.274186 -0.429825 -0.547272 -0.616091 -0.630168 -0.588252 -0.494067 -0.355982 -0.186266 0 
0 0.169176 0.32332 0.448736 0.53428 0.57235 0.559565 0.49706 0.390389 0.24903 0.0855436 -0.0855436 -0.24903 -0.390389 -0.49706 -0.559565 -0.57235 -0.53428 -0.448736 -0.32332 -0.169176 0 
0 0.151192 0.28895 0.401034 0.477484 0.511507 0.500081 0.44422 0.348889 0.222557 0.07645 -0.07645 -0.222557 -0.348889 -0.44422 -0.500081 -0.511507 -0.477484 -0.401034 -0.28895 -0.151192 0 
0 0.132409 0.253053 0.351212 0.418164 0.447961 0.437954 0.389033 0.305545 0.194908 0.0669523 -0.0669523 -0.194908 -0.305545 -0.389033 -0.437954 -0.447961 -0.418164 -0.351212 -0.253053 -0.132409 0 
0 0.112926 0.215818 0.299533 0.356634 0.382046 0.373512 0.331789 0.260586 0.166228 0.0571007 -0.0571007 -0.166228 -0.260586 -0.331789 -0.373512 -0.382046 -0.356634 -0.299533 -0.215818 -0.112926 0 
0 0.0928458 0.177442 0.246271 0.293219 0.314112 0.307096 0.272792 0.21425 0.13667 0.0469473 -0.0469473 -0.13667 -0.21425 -0.272792 -0.307096 -0.314112 -0.293219 -0.246271 -0.177442 -0.0928458 0 
0 0.072275 0.138128 0.191708 0.228254 0.244518 0.239056 0.212353 0.166781 0.10639 0.0365457 -0.0365457 -0.10639 -0.166781 -0.212353 -0.239056 -0.244518 -0.228254 -0.191708 -0.138128 -0.072275 0 
0 0.0513222 0.0980843 0.136131 0.162082 0.173631 0.169753 0.150791 0.11843 0.075547 0.025951 -0.025951 -0.075547 -0.11843 -0.150791 -0.169753 -0.173631 -0.162082 -0.136131 -0.0980843 -0.0513222 0 
0 0.0300981 0.0575219 0.0798346 0.0950537 0.101827 0.0995522 0.0884319 0.069454 0.0443049 0.0152191 -0.0152191 -0.0443049 -0.069454 -0.0884319 -0.0995522 -0.101827 -0.0950537 -0.0798346 -0.0575219 -0.0300981 0 
0 0.00871495 0.0166555 0.0231162 0.0275229 0.0294841 0.0288255 0.0256056 0.0201105 0.0128285 0.0044067 -0.0044067 -0.0128285 -0.0201105 -0.0256056 -0.0288255 -0.0294841 -0.0275229 -0.0231162 -0.0166555 -0.00871495 0 
0 -0.0127143 -0.0242989 -0.0337244 -0.0401533 -0.0430145 -0.0420536 -0.0373561 -0.0293393 -0.0187156 -0.00642896 0.00642896 0.0187156 0.0293393 0.0373561 0.0420536 0.0430145 0.0401533 0.0337244 0.0242989 0.0127143 0 
0 -0.0340763 -0.0651249 -0.0903867 -0.107617 -0.115286 -0.11271 -0.10012 -0.0786341 -0.0501609 -0.0172306 0.0172306 0.0501609 0.0786341 0.10012 0.11271 0.115286 0.107617 0.0903867 0.0651249 0.0340763 0 
0 -0.0552583 -0.105607 -0.146571 -0.174513 -0.186948 -0.182771 -0.162355 -0.127513 -0.0813409 -0.0279412 0.0279412 0.0813409 0.127513 0.162355 0.182771 0.186948 0.174513 0.146571 0.105607 0.0552583 0 
0 -0.0761481 -0.14553 -0.201981 -0.240485 -0.257621 -0.251866 -0.223732 -0.175718 -0.112091 -0.0385041 0.0385041 0.112091 0.175718 0.223732 0.251866 0.257621 0.240485 0.201981 0.14553 0.0761481 0 
0 -0.0966354 -0.184684 -0.256323 -0.305187 -0.326933 -0.31963 -0.283926 -0.222995 -0.142249 -0.0488635 0.0488635 0.142249 0.222995 0.283926 0.31963 0.326933 0.305187 0.256323 0.184684 0.0966354 0 
0 -0.116612 -0.222862 -0.309311 -0.368275 -0.394517 -0.385704 -0.34262 -0.269092 -0.171654 -0.0589646 0.0589646 0.171654 0.269092 0.34262 0.385704 0.394517 0.368275 0.309311 0.222862 0.116612 0 
0 -0.135972 -0.259863 -0.360663 -0.429417 -0.460015 -0.449739 -0.399502 -0.313767 -0.200153 -0.068754 0.068754 0.200153 0.313767 0.399502 0.449739 0.460015 0.429417 0.360663 0.259863 0.135972 0 
0 -0.154614 -0.295489 -0.410109 -0.488289 -0.523082 -0.511398 -0.454273 -0.356784 -0.227593 -0.07818 0.07818 0.227593 0.356784 0.454273 0.511398 0.523082 0.488289 0.410109 0.295489 0.154614 0 
